1685c8:
80 00 00 00 ; 0100 GC A->N64 A
40 00 00 00 ; 0200 GC B->N64 B
00 00 00 00 ; 0400 GC X unmapped
00 00 00 00 ; 0800 GC Y unmapped
00 20 00 00 ; 0010 GC L->N64 L
00 10 00 00 ; 0020 GC R->N64 R
00 20 00 00 ; 0040 GC Z->N64 Z
10 00 00 00 ; 1000 GC start->N64 start
08 00 00 00 ; UP
04 00 00 00 ; DOWN
02 00 00 00 ; LEFT
01 00 00 00 ; RIGHT
08 00 00 00 ; UP
04 00 00 00 ; DOWN
02 00 00 00 ; LEFT
01 00 00 00 ; RIGHT
00 08 00 00 ; U_CBUTTONS
00 04 00 00 ; D_CBUTTONS
00 02 00 00 ; L_CBUTTONS
00 01 00 00 ; R_CBUTTONS

80 00 00 00
40 00 00 00 
00 00 00 00 
00 00 00 00 
20 00 00 00 
00 10 00 00 
00 20 00 00
10 00 00 00
08 00 00 00 
04 00 00 00 
02 00 00 00 
01 00 00 00 
08 00 00 00 
04 00 00 00 
02 00 00 00 
01 00 00 00 
00 08 00 00 
00 04 00 00 
00 02 00 00 
00 01 00 00 

80 00 00 00 ;
40 00 00 00 00 01 00 00 00 02 00 00 20 00 00 00 
00 10 00 00 00 20 00 00 ;
10 00 00 00 08 00 00 00 ;
04 00 00 00 02 00 00 00 ;
01 00 00 00 00 20 00 00 ;
00 20 00 00 00 20 00 00 ;
00 20 00 00 00 08 00 00 ;
00 04 00 00 00 02 00 00 ;
00 01 00 00 80 00 00 00 

40 00 00 00 20 00 00 00 20 00 00 00 00 20 00 00 
00 10 00 00 20 00 00 00 ;
10 00 00 00 08 00 00 00 ;
04 00 00 00 02 00 00 00 ;
01 00 00 00 08 00 00 00 ;
04 00 00 00 02 00 00 00 ;
01 00 00 00 00 08 00 00 ;
00 04 00 00 00 02 00 00 ;
00 01 00 00 80 00 00 00 ;
40 00 00 00 00 04 00 00 ;
00 02 00 00 20 00 00 00 
00 10 00 00 00 01 00 00 
10 00 00 00 08 00 00 00 
04 00 00 00 02 00 00 00 
01 00 00 00 00 08 00 00 
00 08 00 00 00 08 00 00 
00 08 00 00 00 08 00 00 00 04 00 00 00 02 00 00 00 01 00 00 00 00 00 11